[-56.2614514760434, -30.8750991948326, 437.1027253668763] 
[31.4653305096660, -59.4699027334582, 433.73318872017353] 
[-43.1725329421603, 8.74414063425565, 368.6982543640898] 
[53.4092523538824, -7.19544997682003, 378.83090379008746] 
[24.3389552908366, 67.3893126030062, 375.87544483985766] 
[-288.857328226994, -11.9341234583444, 150.5483870967742] 
[-192.483978521524, -238.260450011306, 249.2] 
[41.3862145685193, -185.149610664481, 495.3174603174603] 
[248.276852537615, -131.907157280978, 348.29] 
[452.988418213677, 30.3196080409297, 362.36290322580646] 
[-42.8393817727708, 39.6384519870609, 419.378640776699] 
[53.3866290696779, -48.0447284827699, 418.4915730337079] 
[11.3504691940923, 153.410691335291, 379.1459854014599] 
[-106.627655430233, 73.7707348841462, 409.9137254901961] 
[-404.584685592198, 70.8959535361903, 348.546365914787] 
[-199.983075728892, 99.8100486022672, 378.0827067669173] 
[-172.112022365391, -82.9392186821607, 355.75] 
[-342.155035221744, -115.404872742021, 303.16438356164383] 
[-111.207148862481, 73.5089965241033, 373.6517857142857] 
[-116.085820035300, 16.6477809172245, 385.4789156626506] 
[-17.7231753069493, -6.78045913143161, 409.7238805970149] 
[-5.16137133957318, 0.912977688067407, 439.171875] 
[-30.9970065140033, -8.08810574646795, 456.8992805755396] 
[-61.2450923370778, 41.2305792528049, 515.7142857142857] 
[-194.164134988026, 42.4248102878925, 299.327868852459] 
[-229.038147795585, -234.650271110371, 328.8510638297872] 
[-115.422596381152, -132.581642609120, 351.1077844311377] 
[-133.171293094042, -64.2076923583378, 355.1478873239437] 
[-152.366913840056, -68.6217729520409, 396.23510971786834] 
[26.5970742352237, -0.817200975228479, 403.5611814345992] 
[-118.619237561277, -84.9005790914947, 390.05263157894734] 
[-17.3212694883710, -46.3060902975199, 361.90277777777777] 
[-134.630795804877, -179.090031748178, 221.5609756097561] 
[32.5818923847638, -19.5486890224214, 394.3469387755102] 
[-35.5411224020025, -43.1395930149807, 403.253125] 
[-14.4427810923835, -35.2299643355785, 406.37965260545906] 
[-23.1245692162720, -55.7514488834443, 440.57839721254356] 
[-52.1758623981560, -57.5162770594935, 382.6666666666667] 
[-32.7045135247944, -41.4163507776661, 415.26701570680626] 
[-35.2904007930489, -35.2893758345502, 339.63013698630135] 
[-19.2723282492930, -27.5617544988968, 391.37857142857143] 
[39.9827329996119, -114.624431929667, 338.0621761658031] 
[125.922910881674, -42.5425683338165, 367.6014492753623] 
[-11.1579190809393, 29.8004846198062, 447.56190476190477] 
[-96.0810986992862, -68.5521711168305, 323.6796875] 
[-93.7627285501353, 12.1984448535198, 304.8939393939394] 
[97.5324779568849, -124.645082424195, 331.05555555555554] 
[126.403848425196, 129.519043596682, 292.02597402597405] 
[34.8463569444330, -74.7601976182711, 356.390977443609] 
[64.9914192600757, -75.5268565758358, 481.5483870967742] 
[116.825469665062, -12.5208167712157, 422.1831831831832] 
[108.728977260272, -28.6723758875215, 540.0791366906475] 
[-89.8615516252537, -18.6928177820457, 433.641975308642] 
[58.0674250785452, -25.1575595405630, 504.844262295082] 
[19.9283945446643, -8.50932110215038, 423.9651162790698] 
[-27.3398207303222, -601.074400467633, 744.8] 
[-419.208261855936, -73.3707715531753, 413.56626506024094] 
[-425.555060923518, -10.8063625476209, 478.2083333333333] 
[-334.044057076577, -124.552783579832, 486.0422535211268] 
[151.443210163587, 12.7261496355753, 487.8] 
[-104.840834844255, -35.3370615095740, 585.4509803921569] 
[44.7404954101036, -368.483087489034, 262.7826086956522] 
[-101.059782810786, -13.6026841899121, 351.7142857142857] 
[-214.201852926441, 43.5929695886248, 325.2878787878788] 
[-191.929928597132, -43.8780504974036, 361.2608695652174] 
[56.5876853029269, 55.4082796254417, 386.5432692307692] 
[-42.3380986286412, -19.9912251780189, 281.9375] 
[-49.4192208764432, -29.1347161471924, 360.3220338983051] 
[43.1103727280881, 39.6329205852814, 405.04761904761904] 
[50.2636954359566, 23.7388282163431, 576.1796407185628] 
[66.4592924419548, 73.1538302016443, 432.76756756756754] 
[-342.702708952512, 115.110590178944, 326.61538461538464] 
[45.5627137977297, 30.0106953187072, 331.4533333333333] 
[66.2171438571643, 50.6586780981662, 485.54411764705884] 
[-4.72144986553802, 77.0457739966038, 402.3630573248408] 
[26.9982885420461, -39.0052817557717, 163.17241379310346] 
[-106.362632676300, 144.080929290080, 323.41237113402065] 
[32.3664236338126, 215.691469941748, 277.27272727272725] 
[8.73181295945553, 3.42948082865838, 322.3659574468085] 
[63.9953630540598, -37.7088461968237, 351.44202898550725] 
[187.231597043637, 226.686043898576, 331.0842696629214] 
[-85.7421990540763, -161.304341341187, 297.72222222222223] 
[-14.3637037635020, 110.697564035620, 366.10493827160496] 
[145.870928154014, 120.690958903241, 318.4957264957265] 
[-541.928947198461, -171.020838525270, 312.1675392670157] 
[-417.780246384510, 12.6334893638622, 327.1094527363184] 
[159.399517284921, -74.6605821268659, 388.43225806451613] 
[20.4705395161002, 46.1164375567495, 342.28712871287127] 
[-176.423236051501, 171.218115876496, 380.5421686746988] 
[-174.991204470131, 108.010540107804, 321.2723577235772] 
[-440.704064556698, 90.3338524077227, 339.9423076923077] 
[-272.926855667976, -74.3128981225899, 357.2686567164179] 
[-282.141849054941, -5.36193996288706, 234.55172413793105] 
[-180.656202303557, 127.233241711873, 357.93992932862193] 
[-229.383737432710, -5.81738883786286, 323.0] 
[-206.075512264137, 7.91544452937077, 323.23387096774195] 
[-101.931626643464, 44.5988885716623, 290.35616438356163] 
[-71.0079337828759, 98.6769653888975, 329.05109489051097] 
[-71.1148874628012, 31.9888723241760, 332.7793427230047] 
[-72.2319074174433, 25.9484348626455, 347.0892857142857] 
[-154.854833068654, 28.2919353931898, 348.75151515151515] 
[-645.376541047013, -214.422027373417, 382.6412213740458] 
[-109.205451934822, 52.4094860814870, 371.08839779005524] 
[-297.241776631437, -275.000244400604, 322.60280373831773] 
[-57.4500033209142, -16.5240810909639, 346.97714285714284] 
[-262.373130589353, -99.7037827761594, 334.68341708542715] 
[-73.9101604421385, -50.0867639940075, 323.67171717171715] 
[-263.984343049872, 164.832088080602, 299.6524064171123] 
[-66.0460084948544, 3.96951501934470, 320.53007518796994] 
[-26.7746820446159, -38.3696985519007, 339.9478260869565] 
[13.9969195146252, 0.0453735160531480, 357.81111111111113] 
[-150.810918696020, -32.6680098027837, 291.63440860215053] 
[30.0811928028131, 300.280764162000, 362.0314465408805] 
[-3.70313994923682, 32.6009354172930, 368.03125] 
[-29.2676349171946, 82.5159956346567, 333.5820895522388] 
[-32.2785379130020, 27.8354475930220, 413.6949152542373] 
[51.4206333869205, -33.9816157381817, 377.7540322580645] 
[-252.085231031377, -102.303700063530, 435.3863636363636] 
[-124.707030946315, 38.9874865852852, 242.84313725490196] 
[11.9248900172387, -10.2980477167079, 227.09615384615384] 
[-319.430893239562, -187.313725340268, 400.2674418604651] 
[-105.014975973958, 19.3937868909974, 433.71153846153845] 
[34.7847749848659, -15.7683557342047, 431.63829787234044] 
[-61.9657483659398, -9.05223204060557, 1284.076923076923] 
[-329.946601183227, -267.660355009079, 315.9578947368421] 
[53.0296301659225, -174.407464051217, 300.46449704142015] 
[-222.805916666926, 173.409513668964, 382.88157894736844] 
[-71.8296041968073, 36.7020533702289, 356.032967032967] 
[-184.369847938812, 29.7135902341920, 456.9] 
[-9.70864853142245, -11.4627094915461, 776.3888888888889] 
[208.688536426036, -116.160626050808, 210.0] 
[15.9498919580056, -3.57260710674035, 363.0546218487395] 
[-185.034884321310, -10.0744186946118, 396.50877192982455] 
[-437.197433775559, -10.6366678872268, 451.66] 
[-350.604342834953, -66.4259431043310, 396.475] 
[23.0641189752382, 8.51609150563570, 436.41818181818184] 
[-74.6187996497039, -27.7744219167955, 485.5811965811966] 
[-334.330048947850, -46.7231593523886, 296.4590163934426] 
[102.333922120071, 59.2280157826178, 427.1923076923077] 
[-178.495634383114, -169.690188962477, 475.6083916083916] 
[-322.608486840919, -111.392362852432, 487.6701030927835] 
[-263.301393641231, 134.148903867982, 675.1333333333333] 
[-252.868750027474, -330.427999312581, 228.13793103448276] 
[50.4902545197517, -36.3235892335658, 307.2867647058824] 
[33.5183835406270, 45.0326148140948, 368.7883211678832] 
[-61.2283241427428, 63.5032868526103, 313.1909090909091] 
[-215.358622334465, 113.413197063710, 334.94871794871796] 
[6.04039122790072, 5.29734358141201, 281.9451219512195] 
[-126.073105501099, 99.8368705297441, 278.2988505747126] 
[268.739415713941, -373.413914355269, 298.12587412587413] 
[368.220550924183, -305.755980825084, 310.32748538011697] 
[-432.593334044305, -43.3136634413446, 348.8277027027027] 
[67.3131628846643, -4.35682260331833, 412.94827586206895] 
[-207.956512367625, 370.440953054915, 273.15277777777777] 
[-87.0270027974810, 118.578271366719, 283.60504201680675] 
[-59.9754819879423, 127.335614654139, 293.04411764705884] 
[-124.210719821182, 153.517285185846, 304.7198275862069] 
[-148.387026531059, -385.873400714715, 334.2773722627737] 
[-33.1020259313348, 77.7971367163714, 336.2133333333333] 
[-337.290720734810, 71.7404721865481, 320.39344262295083] 
[-84.7348373288504, 80.2705047633489, 279.02941176470586] 
[-159.904618393178, 45.9436696770075, 303.1678832116788] 
[-80.5236599292208, -44.7727708297750, 280.55555555555554] 
[-125.008404667755, 28.0469982721699, 278.00787401574803] 
[-112.535952219601, 63.5718887527156, 305.06849315068496] 
[-196.557638339696, 63.9382109308382, 291.4739336492891] 
[-376.464596515170, -152.279614493225, 304.85087719298247] 
[-15.8418456322515, -2.90310067039365, 311.31877729257644] 
[-297.823301975695, -123.211103369788, 305.5464480874317] 
[-299.008721144126, -124.501556740793, 288.6081081081081] 
[-52.5946802029538, -18.1313511167318, 328.51704545454544] 
[-185.144408060371, -250.062342528586, 287.53355704697987] 
[-57.5814084522055, -39.7430676027388, 276.9264705882353] 
[-200.693452921428, -103.545032144774, 280.1467889908257] 
[410.221881375860, 170.335633725209, 276.1822222222222] 
[-202.495912340130, -243.555475142926, 213.125] 
[-51.7908403159471, -66.9129158531558, 276.65060240963857] 
[25.9361537216208, -128.145509632843, 243.27777777777777] 
[192.882944028087, -230.008926428085, 246.35714285714286] 
[17.6100211695005, 99.4780375000605, 236.68539325842696] 
[13.2376821711166, -26.5517160054843, 272.53125] 
[4.45437872494691, -21.1442106365936, 309.36507936507934] 
[-118.966131194748, 75.7760428927350, 382.6296296296296] 
[-20.1043618189118, 6.78695540027301, 270.63366336633663] 
[2.58716441575643, -4.77365122750477, 280.725] 
[49.4799831397158, -35.0940039072049, 266.8936170212766] 
[-93.8275158673250, 55.4796491255900, 515.6] 
[52.9331334494731, -38.6183857339237, 314.3306451612903] 
[44.4083827500779, -56.7344997575066, 329.70666666666665] 
[68.6201618263430, -35.6601967200095, 337.6861313868613] 
[37.5769604169698, 1.34597556885941, 415.65106382978723] 
[-72.1667749589312, -10.8107338242042, 486.84722222222223] 
[-214.554874335529, 12.0766553239826, 450.6521739130435] 
[332.427835676697, 12.5504908453621, 360.07851239669424] 
[-285.625437754128, -10.5471513853912, 228.26829268292684] 
[121.228159441585, -5.22516501717601, 354.66037735849056] 
[-563.476451633320, -78.8836747754501, 313.07462686567163] 
[-27.4666663866515, -488.433970148361, 312.54128440366975] 
[10.4360941939900, 33.2178702604547, 512.3145161290323] 
[-494.451565540815, -43.9846092085567, 289.2977099236641] 
[126.104573537741, 61.1212912316531, 392.16831683168317] 
[3.00326891496483, -0.0328479422023106, 407.4406779661017] 
[75.6087389147170, 62.4718457363087, 439.83076923076925] 
[119.939349098002, 113.808431014408, 343.174672489083] 
[34.0830853171069, 25.4344238161116, 315.61206896551727] 
[-166.213323357585, -181.425837292587, 286.5777777777778] 
[50.7512752255233, -285.720585084985, 266.007722007722] 
[-28.2756134741747, 40.1202820145313, 292.358024691358] 
[6.84380021633197, -14.4736813872476, 251.43333333333334] 
[-65.5371315130687, 10.8257789105102, 336.05825242718447] 
[-121.865913967056, -114.948880825288, 653.6451612903226] 
[515.894570714431, 105.703078204518, 276.55223880597015] 
[535.296505466398, 48.6442194526701, 332.33009708737865] 
[233.303559489815, -3.70280469096502, 299.67664670658684] 
[-8.69554875139558, 49.3538120642305, 315.7439446366782] 
[-41.6889333468812, 107.956707556582, 277.85526315789474] 
[50.2674757163881, -23.0600014680478, 222.83544303797467] 
[-20.1731610106950, 47.0780345707189, 260.7211895910781] 
[60.2861690873268, 206.500755378983, 254.725] 
[-58.7702031401724, 37.6875758554080, 256.8478260869565] 
[-136.494141207890, 18.2806699056220, 269.62307692307695] 
[224.084173921509, -128.816764224352, 310.6595744680851] 
[-56.8518370479305, 161.629568501075, 303.546875] 
[19.4762006081907, 6.83410621207629, 263.8833333333333] 
[-66.7705315706317, -6.06557567519962, 270.6551724137931] 
[-76.2010512853441, -10.0482692936260, 286.15686274509807] 
[-8.77588121987749, -52.3269306074500, 307.0759493670886] 
[10.1055141042232, -1.28462977844477, 305.41698841698843] 
[-41.5289068523372, 5.77639256400556, 286.3215859030837] 
[-284.117820800332, 207.920414542148, 284.7795918367347] 
[-59.1227061940972, -5.03819518798766, 301.28685258964146] 
[-182.017838529805, -98.6386006613610, 265.5719696969697] 
[-188.419321537677, -142.840759323572, 304.1855670103093] 
[-32.3006010892368, -52.6381740207764, 275.21276595744683] 
[45.8573459963189, -56.5582155438135, 320.17058823529413] 
[-56.4950101959258, -78.7744145239944, 312.9911504424779] 
[-29.5717698227774, -95.4516869733738, 310.9513108614232] 
[-137.720822397897, -36.6882602645411, 305.94930875576034] 
[-8.33030852276562, 13.3474105103174, 352.12587412587413] 
[-188.481582127683, -57.0294218554108, 258.5302013422819] 
[28.0385258629833, -52.0830937133289, 279.99418604651163] 
[155.319626995629, -104.463090479757, 234.43243243243242] 
[156.348725079678, -97.3579606683004, 422.5145631067961] 
[31.1207635355310, -42.2342836691223, 325.52] 
[60.5912005994938, -44.8218030757921, 396.784] 
[-91.8991141013826, 28.4751160196553, 263.74708171206225] 
[-18.1811631463232, 13.6767104440639, 369.94642857142856] 
[50.2008621445255, 71.4717958098102, 255.75] 
[-370.655713781491, -128.297820761721, 336.2572347266881] 
[66.4112431331303, -20.1627737879694, 324.8735632183908] 
[82.3828050029772, -92.1574009718084, 333.0405904059041] 
[-231.977725513402, -178.785441565913, 157.72727272727272] 
[-201.765795121441, -67.7615608011347, 229.87878787878788] 
[-256.896733005880, -129.456069541245, 293.11392405063293] 
[-565.982543383761, 150.669356709020, 398.0] 
[-65.5744124582522, 3.89640684787934, 526.4788732394367] 
[-205.540255655089, -199.659921475596, 281.5348837209302] 
[5.85477125670813, 54.9037647214227, 289.60769230769233] 
[-361.149114826449, -100.803344246631, 288.685534591195] 
[-398.655928673301, -61.8381465292052, 333.5811518324607] 
[140.779700948236, -173.881033500243, 315.4788732394366] 
[-9.73285892595081, 343.155473473162, 255.57077625570776] 
[-122.627069904478, 91.1373498711187, 348.24468085106383] 
[42.3639786541216, 54.8594911734248, 308.0585106382979] 
[-66.8453754507274, -467.723398879280, 250.90714285714284] 
[33.3709043215972, 105.584917345308, 333.6643356643357] 
[-9.87725080599891, 20.2302310824986, 320.9460580912863] 
[-111.825072522916, 139.378936747274, 253.58196721311475] 
[90.6480066416512, 240.517478993158, 248.94690265486724] 
[-320.622195825017, 102.287801042869, 246.32534246575344] 
[-173.148530104109, -434.682215718634, 241.23353293413174] 
[39.9546148790458, -431.685360434078, 240.3342618384401] 
[-70.7140900968035, 33.6044374024436, 226.96062992125985] 
[-562.427437635616, -145.160992507705, 235.78378378378378] 
[-649.255445815009, -109.471492259357, 267.09556313993176] 
[-144.246471351894, 108.635416675575, 318.20522388059703] 
[-239.727698716148, 5.96401467988923, 253.0495867768595] 
[-204.885933341044, 45.5429389844027, 234.25477707006368] 
[-79.0161309824276, -205.054610971268, 315.05555555555554] 
[-91.7589284617880, 13.5130630661263, 253.49484536082474] 
[-261.166295157940, -59.7060902779700, 304.7906976744186] 
[-147.287940297213, -35.7372576362607, 288.94202898550725] 
[-77.3721832146382, -47.3328962316121, 261.63529411764705] 
[-216.247629230615, -170.972847637974, 245.47682119205297] 
[38.6248168388443, -114.034211949846, 202.74809160305344] 
[-143.842423821991, -124.874897833008, 237.19306930693068] 
[-156.722721620849, -96.8347760391252, 244.0392749244713] 
[-106.920463249743, -79.2281893940719, 253.2275132275132] 
[-22.8042860786117, -62.4197251878975, 263.2028985507246] 
[8.56737555555040, 2.84105053214372, 351.1761658031088] 
[35.6154368851630, 23.5649473789903, 309.7248062015504] 
[-25.4562721018324, -36.0567189386228, 283.29651162790697] 
[24.4299445417989, -15.1123157430632, 250.76266666666666] 
[31.6723861741917, -43.9242787233487, 263.3071428571429] 
[48.5889343887671, -34.9637816808410, 394.56060606060606] 
[-124.431011342170, -62.2516290006864, 387.6842105263158] 
[43.6899135975369, -11.0860492605625, 276.1171171171171] 
[11.9373472659336, -20.5970477053122, 297.50467289719626] 
[68.6338447935949, -45.2136643035104, 476.048] 
[-36.3224422863265, 204.827820901329, 560.0142857142857] 
[75.1491993753516, -53.3126743158507, 375.2182741116751] 
[3.98856054378035, -0.888381781102077, 236.896875] 
[-29.1145925093975, 6.17521183945418, 273.6872586872587] 
[-34.6281230286795, 182.621271911991, 333.09090909090907] 
[-20.7319609307188, 4.32808773372145, 278.0536912751678] 
[85.3748512744774, 12.1031301175722, 227.125] 
[-224.167389743350, -129.560516540207, 296.2325581395349] 
[-131.498634935734, -75.5489871325527, 309.5846153846154] 
[-146.669504234152, 27.6672809196592, 585.7142857142857] 
[-376.455441924552, -151.174864032078, 144.875] 
[11.3096739327936, 14.4343466275943, 257.9568345323741] 
[-247.020120342608, -152.105140930055, 254.97222222222223] 
[-112.674442900750, 14.6847046266146, 300.3979591836735] 
[-26.1269973060126, -32.7512712284194, 246.66451612903225] 
[-174.099379177430, 454.086865599480, 244.6986301369863] 
[71.6517533395096, -39.8770332738284, 244.9047619047619] 
[426.964765460133, -81.7664403444290, 210.5281690140845] 
[-44.6657194905689, 52.1785605844891, 205.3551401869159] 
[30.7224221112683, 57.6676082014800, 269.46938775510205] 
[-63.0867111046953, 87.1218404559428, 257.91752577319585] 
[11.2803904247373, -8.90367977063604, 226.07299270072994] 
[-47.8717385705628, 64.3661649767758, 259.43333333333334] 
[-669.419590233426, -157.583435584823, 223.84615384615384] 
[-89.5336626400614, 36.3844660179284, 198.53237410071944] 
[-190.184652995562, 26.7279150918851, 216.7875] 
[-44.8544493383915, 47.0905145053287, 244.28467153284672] 
[-98.7551222823282, -46.6201217705674, 254.4584980237154] 
[-24.7390144308547, -38.0328815638544, 219.52136752136752] 
[-116.263224265571, -123.941228823755, 214.03141361256544] 
[-56.6128814499483, -67.4109114460716, 237.2] 
[-152.007982457636, -134.371593509781, 231.22018348623854] 
[-99.0162667349933, -52.9608017485799, 223.36274509803923] 
[-255.627682828751, 133.840211731769, 232.96527777777777] 
[58.6615568151287, -17.1041507038444, 257.49356223175965] 
[5.63365983983884, -37.9483287093499, 239.50306748466258] 
[-29.7982681088389, -184.795998479258, 361.9375] 
[49.7868619993490, -157.176314067685, 255.88095238095238] 
[50.5461304916471, 148.093060971898, 136.28571428571428] 
[-103.300651968393, 33.7929482588273, 217.41304347826087] 
[-215.151279562741, 15.0957933829185, 227.8868501529052] 
[-10.2542091969890, -6.31961509590599, 250.28] 
[-33.4795116122976, 117.677157868151, 203.65753424657535] 
[158.835692140237, -197.846816612835, 204.93055555555554] 
[-16.0568717605333, -8.21158242578009, 203.6024096385542] 
[-29.9868095993672, 16.8414257531735, 387.96031746031747] 
[-46.2307340224358, 8.28015759873559, 135.3125] 
[82.7346937451277, -40.7010660207339, 220.85207100591717] 
[94.4709688037317, 42.6582745402539, 250.60294117647058] 
[49.8148324396386, -36.9131792342229, 248.35714285714286] 
[-385.249487672183, 157.665526735255, 173.13333333333333] 
[-124.080335971540, -3.74874556041945, 230.7826086956522] 
[-318.931935187302, -206.099247580273, 194.18055555555554] 
[140.745572661075, 103.144573638278, 223.66] 
[-328.311568742241, 116.119301523332, 241.32530120481928] 
[-76.9571697850310, 1.09276663733766, 186.08670520231215] 
[-60.9663614343741, -12.6104019682179, 178.84246575342465] 
[21.5397272805001, 30.4152656126809, 227.89814814814815] 
[27.9187477693505, 23.1779316381723, 206.09649122807016] 
[198.915237746079, -133.251000463439, 270.2153846153846] 
[-58.0589236479945, -80.2652610997832, 274.85869565217394] 
[42.2456149998175, -50.9060598886233, 167.78125] 
[-177.559499259038, 131.767920725970, 149.05263157894737] 
[15.2274130293085, -4.72106203810308, 170.7972972972973] 
[-138.635660094853, 180.741527353569, 171.5] 
[487.118096575176, 198.305348492342, 186.8181818181818] 
[-77.8709901455182, 80.5201060531309, 130.76] 
[-193.384106212960, -76.1274568946454, 192.03973509933775] 
[-49.1272969078691, 78.9544092480722, 201.3815789473684] 
[53.1919646564878, 7.78936081791946, 209.3842105263158] 
[28.1368355212125, 225.263214954337, 178.70238095238096] 
[-28.1734264912859, 137.006977249490, 201.73972602739727] 
[-254.992957822880, 72.3126862309189, 187.43478260869566] 
[485.999118083555, 65.8828232662640, 174.31428571428572] 
[-186.304209613088, -109.520563258782, 190.1265306122449] 
[-294.184938597331, -122.680121532143, 195.8968253968254] 
[-234.607320529032, -206.972769238612, 203.22222222222223] 
[-136.320407137032, -178.355747185964, 187.22346368715083] 
[-63.2985327357389, -16.0720168741699, 235.69189189189188] 
[-205.951203247013, 204.809438185022, 195.2910447761194] 
[-66.3338393802048, 22.2841582942236, 229.10619469026548] 
[-37.3747717596012, 16.5243849352187, 210.99056603773585] 
[31.0178034313954, -35.4736580581288, 198.84513274336283] 
[42.3612488488696, -43.5836996507324, 194.65753424657535] 
[-41.2133682860466, 44.7788861798537, 225.97073170731707] 
[15.2913335662149, -5.37643363109899, 242.54545454545453] 
[24.2580661603884, -6.82777810177439, 391.77272727272725] 
[124.463126100106, 2.01295496735116, 181.37890625] 
[8.54376918849475, -1.38923355998271, 202.2295081967213] 
[23.7203131435611, -8.89010241687156, 198.64081632653063] 
[-188.428727439757, -62.0800211364372, 548.9545454545455] 
[-159.185567251036, -161.504433992974, 158.25925925925927] 
[190.360358885295, -118.935038699462, 195.07476635514018] 
[70.5757307037131, 6.63801638553285, 162.72486772486772] 
[366.569187779909, 118.067298802722, 193.17910447761193] 
[-282.691461901554, -259.263352468296, 473.57142857142856] 
[26.5788786098090, 249.624238713810, 209.77142857142857] 
[100.596767633426, -5.95273019880124, 173.84615384615384] 
[-219.285599793035, -31.5392240025745, 242.22093023255815] 
[-308.358710331973, -69.6088289751017, 4.7272727272727275] 
[-180.490682165495, 65.0740300271053, 300.1794871794872] 
[-76.9774007991004, 63.5149972462196, 148.35] 
[-13.8795824931962, 6.08147419290713, 198.70935960591132] 
[1.67669256664460, 1.43959805868441, 164.09608540925268] 
[-45.6539936717615, 26.2179267942276, 162.1772151898734] 
[-406.333663996708, -77.2328341798464, 150.97037037037038] 
[-81.7199540562694, -27.3829070528031, 173.96571428571428] 
[87.1313711433709, -31.4011555901358, 201.57309941520467] 
[-90.7715736347642, 56.9419748126818, 210.0344827586207] 
[-283.137331703813, -93.3260326417037, 186.93172690763052] 
[113.028494457600, 8.22861080499309, 160.656050955414] 
[-122.316956483339, 67.6020697076918, 170.42708333333334] 
[-130.264244600115, -53.0726536797450, 191.41901408450704] 
[-123.719751839936, -106.072004891122, 190.13197969543148] 
[-46.4067277691414, 9.73938804247143, 212.77777777777777] 
[10.3049811526874, -77.7682485710197, 182.45195729537366] 
[-182.854430659729, 22.0093075363001, 211.42857142857142] 
[35.7342485263607, -66.4440203229112, 132.8139534883721] 
[88.9967793666154, -78.6137391883341, 177.19341563786008] 
[7.22468428868883, -35.8306736955712, 197.6220472440945] 
[2.62585792885613, -13.6515307685713, 176.66] 
[-0.00768535168082743, 0.507300979523726, 162.2] 
[-17.7363358158421, 19.2338625943535, 166.02439024390245] 
[-68.7136701174292, 6.80763844089592, 244.28947368421052] 
[-175.656195196385, 252.793042089667, 362.89285714285717] 
[-70.4509375592365, 8.85406653225059, 215.38333333333333] 
[-516.820388922116, 194.550710779223, 148.44366197183098] 
[-249.164184937393, 71.4050941576673, 137.4255319148936] 
[277.524095310216, 25.8941884436397, 166.73972602739727] 
[-340.132174015489, -133.977680696576, 266.1192660550459] 
[-561.253961026924, 76.0274017897425, 141.6984126984127] 
[46.6874687976515, 15.6757200003305, 124.27814569536424] 
[2.50509013156633, -16.0074525080859, 160.75438596491227] 
[325.479074040246, 7.43756693283582, 233.1153846153846] 
[-72.3180341737274, -397.085958305082, 199.15189873417722] 
[84.1122147045311, -34.2876522661714, 150.7810218978102] 
[628.497554667059, 13.7768941043263, 154.93382352941177] 
[77.9197599828844, -11.5858436128130, 166.2528735632184] 
[514.573264012735, 119.655576945925, 180.75384615384615] 
[255.419337069546, -4.32672578985669, 111.01886792452831] 
[65.4104978729896, 23.2258674134822, 167.24242424242425] 
[-107.569757022172, 24.7706700270298, 119.94366197183099] 
[-85.3646695151973, 175.122457113217, 170.675] 
[-41.6154899633630, 21.3642010213085, 180.34666666666666] 
[2.69291971764787, 215.649676564137, 136.7772511848341] 
[72.5318066906852, 229.120394215889, 163.61666666666667] 
[16.0255383063914, 8.99009079657825, 81.57142857142857] 
[-14.8254302735945, -12.1601943123849, 146.12087912087912] 
[-206.596521347871, -91.5434661311814, 139.8909090909091] 
[1.35089889190601, -4.60152255541727, 111.50847457627118] 
[131.416245726574, -58.6180745035819, 234.14772727272728] 
[18.5418852583002, -24.9682317279407, 341.0] 
[59.6513064924316, -20.4435134836661, 78.36538461538461] 
[-201.178009263856, -130.056773276893, 0.0] 
[-99.0394453129334, -5.48841690449404, 289.24] 
[-198.864554295417, 76.1829357268460, 126.48305084745763] 
[-481.408083949995, 32.5860720152611, 180.56756756756758] 
[-274.313235629622, -131.047288707164, 123.16901408450704] 
[-257.004230793383, -16.0714313237862, 121.89928057553956] 
[-297.768909779320, -165.526885740012, 141.39370078740157] 
[-63.3321580387179, 109.356107790935, 117.94074074074074] 
[-273.188604503437, -196.292600864851, 133.34426229508196] 
[70.5342425814348, 117.382938218343, 110.64285714285714] 
[-250.076029161189, 155.002793069801, 141.28323699421966] 
[130.802530821741, -327.154402177514, 122.69047619047619] 
[-43.5537016271504, 83.3170624981767, 138.64166666666668] 
[-291.452694747874, -127.403411101037, 145.16666666666666] 
[-163.565638715465, -101.905730630247, 135.58282208588957] 
[-81.4921847101898, -138.531328085098, 122.98780487804878] 
[51.3281284589973, -45.0219220831123, 132.88148148148147] 
[-73.1007382988256, 197.324101245342, 124.765625] 
[-197.300859928811, -141.954988009842, 119.78527607361963] 
[127.469647443907, -138.300837436599, 207.87603305785123] 
[328.127329959356, -405.862009153530, 338.0] 
[347.313095802890, -28.9858673246469, 80.04347826086956] 
[-412.106623448511, -123.307096790875, 104.81451612903226] 
[-17.7333387332277, -414.237027571983, 125.54954954954955] 
[-337.427675084104, -240.545152838386, 94.46153846153847] 
[-189.435285576945, -161.351715196291, 110.5] 
[-12.8314697026602, -5.17937948022783, 104.8984126984127] 
[-268.419785617544, -100.981679045039, 81.83333333333333] 
[-6.63810592677958, -7.88667864009026, 108.17834394904459] 
[205.785652763839, -257.361806944389, 79.0995670995671] 
[-296.643121394489, -337.441104701691, 85.23239436619718] 
[-46.5462579042245, -53.7486274514457, 74.34057971014492] 
[191.954373802671, 344.880522605580, 89.04113924050633] 
[-98.6759346771004, -40.9852036191062, 137.65254237288136] 
[-15.1085219844298, 44.8998445567249, 120.3015873015873] 
[47.0265065429249, 10.9833827908677, 114.93333333333334] 
[-0.773753817960409, 0.0899527416056593, 74.13138686131387] 
[-90.9081022630356, -143.561262536279, 123.82170542635659] 
[-142.873212893808, -171.608671132394, 117.61764705882354] 
[-49.3918962459236, -15.3843406371197, 250.77528089887642] 
[-443.278231756847, -34.6741503525470, 172.3279569892473] 
[-210.382011960306, -54.8825396268175, 118.69724770642202] 
[52.0880527499576, -211.328294927064, 97.20930232558139] 
[-247.519433292744, 115.833969147149, 186.83561643835617] 
[-162.915057915992, -162.841693598820, 84.13917525773196] 
[125.143310672284, -122.648558665630, 107.37837837837837] 
[29.6535094439951, -319.247341527450, 68.40714285714286] 
[-205.702317516761, 37.6038806429871, 64.11439114391143] 
