[91.2242729561248, 5.56112004202778, 66.83689627870149] 
[60.1925557376633, 69.5710787987311, 70.14057507987218] 
[41.8701733990801, 70.1673477490106, 132.02112029384756] 
[-10.4593614814824, -95.1776512842942, 128.36815415821502] 
[-82.6070079047481, -47.1828787216695, 127.63868225292242] 
[77.2567949516529, 72.256215700391, 155.29856115107913] 
[-77.1665362467395, -51.3617176945573, 151.80445151033388] 
[81.2261051330547, 23.2579642050909, 49.128540305010915] 
[88.1645481953052, -49.2382532267162, 134.41506849315067] 
[56.7965110619493, -15.4996495913558, 106.63923182441698] 
[54.9778751425699, 28.4729015248178, 70.48396793587182] 
[-26.7037916183707, -17.5519154631141, 62.449335548172826] 
[1.09492634132452, 81.3216272241145, 87.02198952879581] 
[-55.860999793997, 71.5191097745647, 86.4511041009464] 
[-76.6324111115406, 72.5850407830962, 128.37934105075692] 
[-66.704059689849, 79.6411532405811, 113.22345803842268] 
[-57.7092936728679, 75.5969701928485, 121.70626753975677] 
[-45.8346746600176, 57.8956586776248, 121.04500703234879] 
[-60.8573843352993, 19.3665127583275, 31.62608695652176] 
[-59.4230499728034, 27.8741721269627, 106.77225866916592] 
[23.2096546108977, -14.6211226936253, 49.7160826594789] 
[-32.3184561973784, 3.42021511838174, 75.03004291845491] 
[-40.7484132358041, -6.91608658159679, 55.6043577981651] 
[-29.7561391103675, -10.0128697509191, 23.362680683311453] 
[-83.401964981205, 19.2583856883165, 126.80980392156863] 
[-65.6674978627885, 11.910972962369, 93.11977401129951] 
[-66.7933133304201, 1.59686274566002, 111.57049418604652] 
[-80.6168902721532, -13.5113810161001, 114.55210918114142] 
[-65.0680761012612, -15.3615779344879, 86.39165009940359] 
[-45.8514645182813, -9.90839869957818, 39.01881467544678] 
[-40.1364774447746, -16.6784429263889, 116.6953872932985] 
[-25.7352192214647, -26.7477659580852, 81.13910969793318] 
[-17.3465073997937, -23.7292029710922, 134.07099391480727] 
[3.25133016893746, 0.0352661078852578, 90.23216783216782] 
[-26.1266332641337, -37.8934243386901, 104.50153374233128] 
[-23.0647100921868, -48.0810650883472, 90.44819277108434] 
[-32.0724030243156, -53.3772469475054, 64.8521916411824] 
[-42.6272952255322, -55.1818615031679, 114.9755892255892] 
[-39.387971231538, -56.3247918280415, 42.164449818621506] 
[-28.5297351721618, -47.0014226635149, 121.1121495327103] 
[28.0668463447274, 0.457805185013404, 37.98705882352942] 
[20.5581114413267, 15.594302693105, 137.17589285714286] 
[42.0642607937745, 2.7425727600778, 105.93221757322169] 
[31.6996524382591, 8.37828846197333, 132.90129151291512] 
[64.2168063729875, -68.9921103361952, 93.01999999999998] 
[49.7568029710919, -42.7291647997994, 73.58167770419425] 
[78.9805277308243, -60.3603551218776, 113.74262295081968] 
[52.3149428616472, -60.7432357546763, 117.2963386727688] 
[-68.2701778735871, -39.6465216076089, 60.93099999999998] 
[-55.5088864220992, -83.3732445532138, 74.67327230427128] 
[86.8604267315857, -61.710755481488, 46.91268191268193] 
[74.3240875132781, -22.3117067215072, 74.73108516722652] 
[25.5696169590832, -3.29202834202776, 54.67378640776701] 
[76.3559213223317, -54.136671696959, 114.26651735722282] 
[70.5896366024394, -11.568885790407, 74.9828029587627] 
[43.0139380457623, -66.2220115127348, 75.10839396969442] 
[50.2334429704811, 0.255181852925591, 18.953929539295416] 
[43.613430844133, 2.47616563026877, 29.45696969696968] 
[53.2399910324051, 15.9173945461191, 5.684636118598405] 
[48.82466121894, 28.4888029595792, 46.34347275031678] 
[61.1006227772223, 6.90966264622739, 63.57942238267145] 
[13.9375165235009, 29.4373344740463, 76.2608396017381] 
[78.7398062602912, 38.1003181490991, 79.55178127589062] 
[84.8397924103738, 44.6555159135913, 97.08193277310926] 
[61.831347728921, 60.1181805918643, 131.4820809248555] 
[56.2784253914723, 41.7671704864052, 77.37041304994284] 
[45.1765386228328, 54.5764830621138, 78.53918495297808] 
[49.242891526565, 56.4978070384504, 81.41157556270099] 
[-67.9771001474441, 2.90994942291984, 97.63007159904532] 
[40.8820038498267, 69.7772496606576, 69.16197183098592] 
[60.1497783500301, 69.5755763825477, 14.213434452871127] 
[58.157228226797, 62.1551787208625, 110.4811188811189] 
[38.599865840385, 53.7764574819152, 109.69892473118279] 
[41.010908961182, 70.1985704364091, 101.94525547445255] 
[32.5889550690601, 97.8021560502007, 124.79604672057502] 
[25.1501572953086, 75.3712374243668, 152.8151408450704] 
[-76.0617148457833, 41.5171258683925, 153.37859266600594] 
[24.1400310285756, 97.2785331344406, 150.61273666092944] 
[54.8469381819583, 34.7023159912011, 116.5318379160637] 
[-101.785651728568, 39.323112053866, 113.43314366998578] 
[103.369981944377, -10.7001548860322, 112.74788494077842] 
[22.1054397442351, 10.4309535092507, 113.52222222222224] 
[-24.1262613683961, 10.3081698778676, 84.74197247706422] 
[-6.25171758816747, 12.06591239741, 160.92050874403816] 
[71.9376730520783, 26.6743664101924, 157.51082677165357] 
[59.1100112084905, 23.5121713329375, 85.78625] 
[45.4619123839885, 55.6822037534191, 116.73153692614773] 
[54.3088050910361, -59.1402756520813, 101.54322305229448] 
[-32.0914422673596, 89.5068740192897, 111.97887323943661] 
[-64.5108065012145, 63.6663260397815, 151.309009009009] 
[15.2712067484278, 9.70723582897957, 11.081936685288724] 
[-47.3280922942405, 50.1470570582447, 74.10756123535674] 
[-17.5483655483015, -6.90129151759037, 29.485148514851517] 
[-57.2129210032727, 17.8483921575387, 107.38256087981148] 
[-46.8866335758985, 37.8504988424015, 95.55698234349921] 
[-54.063366111566, 31.918798682615, 144.6808659217877] 
[-53.2007246514869, 53.8298787417878, 144.5] 
[-77.3145877791544, 60.3279352606917, 145.15546218487395] 
[31.9583328897851, 63.7753107797643, 116.39228529839886] 
[-82.4892236066978, 29.9486252753803, 135.77852348993287] 
[-68.3492361219679, 10.3474219700892, 78.68613138686129] 
[-58.6540943549243, 9.28325574026601, 45.14374034003089] 
[-60.4982406491875, -5.19163123191469, 91.59252669039148] 
[-65.4977455008792, -13.6409354484899, 148.06517311608962] 
[-68.482193507993, -27.8446319149721, 128.14827890556046] 
[-74.730594358085, -49.0824676255435, 130.16309523809525] 
[-67.0577016912708, -41.3431972785766, 143.3110492107707] 
[-57.976493558889, -31.9507518505909, 163.3614573346117] 
[-47.7120041606189, -34.855001371612, 156.66859344894027] 
[-31.6734819493352, -46.4155005811865, 120.85673892554195] 
[-38.2665540025548, 10.2421367399265, 90.41645021645024] 
[6.14371941689495, -2.12908771324589, 155.94871794871796] 
[43.3612655170597, 8.97393229871592, 109.41779497098639] 
[-2.086833241298, -7.40569972366506, 79.97264957264957] 
[-5.33696628500046, -6.00345644952942, 98.45119705340699] 
[22.9842159071807, -11.0837727756788, 86.24474187380497] 
[30.8500499716936, 16.3920632218533, 54.34575087310827] 
[-41.5637475581955, -61.0928503525071, 104.14580432484121] 
[-52.4042948855806, -21.5080143928318, 144.71472392638037] 
[48.0192508427948, -80.9572244656125, 162.20239880059972] 
[37.3826594284328, -60.7601337184851, 87.59685349065882] 
[43.2497407234444, -29.1983115259149, 106.13604378420638] 
[65.8311701088829, -36.8440843906899, 88.02120141342755] 
[38.1878521017921, -92.3454508385135, 107.62124845716414] 
[62.7034518715504, -62.3863683387552, 164.0327868852459] 
[60.0798521489867, -73.0462456652456, 177.28863636363639] 
[-32.4500917765127, -24.722163428812, 109.33346426882093] 
[57.781200009798, -10.7687745096071, 29.94144838212634] 
[60.5273413523998, -7.82619570997697, 50.60887096774189] 
[55.8695839131901, 2.26369120651936, 36.5331278890601] 
[104.42354822239, 6.37739415101673, 162.44055944055947] 
[74.1049241028389, 1.23362357020263, 71.4883720930232] 
[56.7489333419077, -8.45440029871691, 3.157584683357925] 
[69.4629051017988, -7.60316019038065, 82.05016722408033] 
[74.6779992667748, 3.31434089757872, 50.85759493670878] 
[62.4654005124177, 12.9664357088295, 78.5506382978723] 
[67.7590085139776, 31.3275325820869, 66.72051536174428] 
[71.9645393152862, 29.3820721107922, 178.70345963756176] 
[75.5471140474439, 48.1470647107549, 97.33133133133128] 
[72.3900033099433, 36.2791969452087, 64.93298429319373] 
[64.0062137644747, 53.5405384954767, 41.09974424552428] 
[128.853287724043, 21.1305919733572, 117.53962017275711] 
[76.0334778113414, 58.752888418724, 178.26865671641792] 
[69.6751831555337, 64.228992290467, 148.59980039920157] 
[59.2864886751305, 78.3497374336632, 101.64972776769508] 
[58.9894671542107, 56.5892753240774, 125.08553459119497] 
[50.6276446811369, 81.8431132519953, 121.07077326343381] 
[28.3160345346875, 85.3131362904912, 181.4911003236246] 
[1.11566780298555, 67.4171624777063, 135.72413793103448] 
[28.8074013721661, 89.5409338472037, 157.51872399445216] 
[24.2163370683367, 64.7883967323033, 153.06465997770346] 
[9.74603331421552, 88.6134075204289, 128.34849863512278] 
[56.2218550427872, -23.095791680714, 118.46103286384977] 
[-63.5060147916996, 44.5481491784707, 179.1135531135531] 
[-38.1041189852571, 17.050667232024, 171.83799342105266] 
[-6.68158001861931, 61.3033829029656, 166.91218130311614] 
[-55.6932023338136, 64.1781090268151, 163.68767638758231] 
[17.3706445679737, 74.9284498123188, 136.99719887955183] 
[0.802401150643763, -4.29942837580842, 138.69927826784277] 
[-12.2135530808217, -17.6468616539023, 103.87481371087927] 
[-45.0664372019153, 6.42362114217218, 172.77964205816556] 
[39.7959433800959, -22.6593288292944, 137.61147327249023] 
[-44.6922844607039, 16.5008326912283, 107.97400820793433] 
[-61.7481868143216, 29.2616621017432, 172.59720457433292] 
[-69.4511667939754, 22.0941383452392, 109.14319248826291] 
[-55.1983003665873, 29.9096196837678, 139.12292358803984] 
[-64.6700364054511, 32.2050941998963, 172.1587802313354] 
[-38.6342110707282, 19.986159898617, 144.48778280542984] 
[-51.1704639090147, 7.2664431051029, 132.6289893617021] 
[-42.2536126985413, -9.31559892212121, 126.23546944858418] 
[-42.0230542545057, -22.0638711949162, 116.61596958174903] 
[-67.2696295439772, -29.0224957175237, 190.61486486486478] 
[-48.0076646440068, -44.0031618557601, 169.26056338028167] 
[-44.0820613565008, -42.0721626767434, 166.68384879725085] 
[-77.2496404830981, -24.2148717388438, 159.73082489146162] 
[-34.7966712354895, -46.2066363954378, 196.87681159420288] 
[-29.5193587568021, -32.4249484250357, 158.0] 
[7.63571049406813, -27.9015139120808, 204.9636591478697] 
[-13.4726845798172, 26.5641306916446, 197.11798839458413] 
[14.6530081048094, -33.8435105595543, 211.90463917525773] 
[44.9380182536326, -50.7935414411436, 178.87655860349128] 
[71.5198790569121, 21.0773428126973, 166.16923076923075] 
[59.9832619769146, -6.33448620058873, 122.8561151079137] 
[28.3144459810144, -59.6506770298393, 176.96446700507613] 
[34.51172020361, -51.2038084273093, 174.73879142300194] 
[31.0364032312056, -60.3220347005313, 162.16640986132512] 
[41.590901520044, -3.10340074944839, 96.44060773480663] 
[26.4404824055092, -59.2331957131227, 140.32862903225805] 
[58.1984033976817, -17.5743233639859, 87.53422982885087] 
[72.5097110945205, -34.0705130180011, 130.0745341614907] 
[200.62299158461, 17.1518614808803, 62.70259208731238] 
[26.3879994782566, 8.60563195313623, 95.48721071863582] 
[42.3297459256378, -18.8073925218685, 114.93639207507823] 
[24.7341467645993, 54.8725435937158, 95.30392156862752] 
[76.3079219950796, 1.53068432391541, 186.43861892583118] 
[57.246249361866, -23.7563676418272, 106.64511691884462] 
[53.6205184606802, -12.8255604600332, 142.3629148416103] 
[68.7095601952935, 15.5253068318545, 85.70283018867917] 
[52.0603614646675, 35.8067196447892, 39.177978883861215] 
[74.456917655135, 54.7767045694841, 163.1767741935484] 
[59.6775501818362, 60.5973756684942, 80.46508875739647] 
[32.261732239679, 59.441067609287, 144.4268941774804] 
[63.0411829877533, 57.1320373887839, 65.52554744525548] 
[58.8680582659564, 57.277972605352, 114.14424951267057] 
[46.0345192452992, 57.4082241224455, 124.86461888509672] 
[38.8264538143947, 79.3737224452649, 193.44734473447346] 
[44.2177746559438, -65.8796045484863, 213.02437223042836] 
[-56.3041518091365, 26.4014710933367, 166.67926356589146] 
[42.0837867408417, 58.9558873683984, 169.1570155902004] 
[-67.4164097488524, -3.22180347440559, 149.79446366782008] 
[25.271617657189, 59.3914779297125, 130.94526034712953] 
[23.8963538809796, 71.5980325028157, 199.0987654320988] 
[-51.2706965464341, 1.39356033652514, 134.26937984496118] 
[-28.9856159573204, -24.353487636268, 167.096] 
[31.0302130025691, -45.9519222293232, 158.87367021276594] 
[4.68999108742332, 45.9131455076027, 203.1400587659158] 
[-20.9947290959174, -71.4674097861537, 224.21387283236993] 
[-28.16818956775, 43.9435558942133, 210.5610130468151] 
[-28.8360659204149, 73.5196548632602, 220.828125] 
[-45.220169833578, 28.1707480173763, 164.9299014238773] 
[-97.8298461808116, 35.5650822364723, 174.34482758620692] 
[-39.796764984352, 27.6850903525935, 155.88605577689242] 
[-65.0012120951207, 30.0878695069684, 171.66156462585036] 
[-44.7205581987514, 12.7201635840564, 191.39291598023067] 
[-64.5213213888377, -5.19735650020306, 201.9501965923984] 
[-51.972745721191, -3.88483478006593, 171.13716216216216] 
[-50.8326906352932, -5.67260905367643, 135.73668925459828] 
[-52.0127851614441, 12.0489395926311, 146.4022606382979] 
[-53.7824703416426, 4.80836989212403, 161.53473848555814] 
[-46.6758400546596, 2.58430033797312, 163.72025216706066] 
[-56.3287919965393, -21.0079377185209, 125.69283865401206] 
[-31.640518035808, -22.4926217501174, 210.97875688434306] 
[-20.8975663893922, -33.1079037988327, 142.66702241195304] 
[-42.9247894421, -23.739053835329, 206.45815602836882] 
[-12.8450448608289, -3.44282336958163, 159.27547169811322] 
[-40.4342068044436, -50.9312398473559, 188.07647740440325] 
[-8.33626850065139, 17.0028108897346, 152.5739972337483] 
[3.54915676591046, 5.38277427350693, 155.29208371246585] 
[11.7423237672586, -0.856152305157249, 121.20569620253161] 
[14.7107323570098, -62.1523786766427, 201.11155378486058] 
[36.889315832818, -60.4199998417397, 198.60157126823793] 
[62.3739263729166, -73.4491842384028, 177.94775036284472] 
[47.1366530921965, -33.2319021069324, 114.00893997445718] 
[48.0725916482929, -10.5035335025465, 92.44677137870855] 
[55.9158028093957, -25.9034097645698, 101.15811373092919] 
[47.2173282312489, 31.545625803468, 207.77768385460695] 
[55.2013886329998, -85.4274387101654, 101.59728506787332] 
[66.630615602758, -44.4889578094921, 147.14346590909093] 
[64.0464459748883, -9.50499924723366, 150.49904030710172] 
[23.2835363774822, 42.4411030950234, 131.50941704035876] 
[75.714526866456, 52.6728334911938, 156.93339253996447] 
[55.5397820137434, -10.4527740637868, 225.29320388349515] 
[60.8021195843337, 3.40820883509796, 164.68474148802017] 
[41.7549621005372, 17.2473484843495, 113.82528409090912] 
[51.8408399705574, 40.2071924559927, 88.71262458471762] 
[71.0956525109605, 10.112252898389, 148.80510204081634] 
[56.2559657399165, 24.9255708380008, 171.0932806324111] 
[63.9831115282934, 42.5448868786018, 164.96685082872926] 
[45.2239050715369, 44.4573142545539, 148.50934579439252] 
[49.4510474891776, 52.1239832774674, 144.9375] 
[38.5281483632721, 31.7360414909566, 171.1806896551724] 
[39.7030080842877, 69.3638824909231, 200.72595520421606] 
[46.3700565607058, 59.0842798926136, 160.36453645364537] 
[70.027465336847, 85.7023773152222, 199.6298586572438] 
[33.7961246271124, 55.3468482678456, 177.1733914940022] 
[-37.5097045362761, 54.1168027995354, 152.98674033149172] 
[-2.95242828874737, -54.1018587631092, 166.07054963084494] 
[18.5452979895892, 20.4085886055072, 204.65271493212668] 
[-45.2233645143878, -1.32352764396502, 198.37174348697397] 
[10.4669771764112, 9.3186753356619, 228.0784543325527] 
[-33.9675190940576, 64.4741606025082, 218.23957219251338] 
[15.6925370384751, 8.19188314820903, 238.36909448818895] 
[21.0952555771133, 6.56502674203634, 246.0038240917782] 
[-75.8093850568092, 102.221771209857, 211.390243902439] 
[-40.2341325056191, 54.6072881324289, 190.69813519813522] 
[-29.6112686107509, 31.244403281981, 171.87269815852682] 
[-40.6504916850949, 21.3906651810298, 228.0663811563169] 
[-42.2602290646266, 9.0915595062326, 240.41084053417123] 
[-43.4177847531865, -9.09592393192898, 130.71407185628743] 
[-63.8711328371736, 12.9445246271916, 225.26725403817915] 
[-13.0131278981507, 0.730360553592239, 109.05660377358492] 
[-59.7692027993546, -42.3436947845334, 163.87511737089199] 
[-90.7478921501903, -49.001097652091, 160.1790040376851] 
[-33.0068475508041, -37.3285035982965, 166.72354211663065] 
[7.37376083770523, -23.6829544570275, 234.4299674267101] 
[-30.552052162557, -49.8057960826958, 229.0742150333016] 
[-70.7357978647236, -53.7899922251634, 225.74295774647888] 
[-29.8010033455864, -45.0007693388221, 188.040370058873] 
[-9.97096233367351, -1.14498470190895, 191.6495215311005] 
[11.1761204878301, 5.59246708125294, 152.55251544571934] 
[-7.16501827793394, 34.016773401776, 147.6114519427403] 
[47.1139047707413, -16.7109794825074, 189.24060646011867] 
[34.3869484218087, -56.8755708352474, 229.7000801924619] 
[35.5991337814701, -38.1120179191821, 171.7126126126126] 
[52.3328244881563, -41.1746409257339, 184.13327814569539] 
[50.8419942075939, -31.5551335587226, 147.46030245746692] 
[61.1884005378352, -57.3337544866524, 198.1609947643979] 
[58.7109317060967, -26.0205740813107, 135.82070707070704] 
[66.0358290112027, -82.3720040682864, 154.3467455621302] 
[20.8546069532019, 3.69034160799826, 90.38164251207729] 
[73.948903114987, -32.7159008922288, 135.90476190476193] 
[82.8799077872457, -23.6910251523437, 225.5397148676171] 
[62.841760535382, -25.0336577072115, 180.78590544156998] 
[62.9075552455241, -40.0502697518744, 139.91764705882355] 
[62.2722004524047, -15.5069127814025, 178.20449678800856] 
[76.6660608785751, 9.11144304042086, 245.0509478672986] 
[63.8059063196337, 9.98750562934918, 174.46072796934868] 
[52.1198949204147, 15.2874627624777, 183.73709834469327] 
[68.1021865177798, -17.345032506937, 49.810526315789446] 
[83.4018266912612, 32.1936072813425, 250.67731629392972] 
[30.2730721153655, 18.151791747437, 182.1718309859155] 
[-36.8765611046583, -16.8919208964381, 167.01123595505618] 
[25.5765102316677, 65.7344023656834, 219.1818181818182] 
[-23.1874276938624, 12.7748235843482, 208.86659663865544] 
[31.6920553580676, 6.55211004667915, 198.07980769230767] 
[11.8073101619835, 19.8992057124625, 245.97265336289723] 
[29.8509164813164, -4.08674717889618, 262.8264705882353] 
[-27.6660972882395, 50.5559350188612, 252.2667525773196] 
[-27.8541600107039, 4.80321352953911, 200.48942917547566] 
[-9.70493411460618, 27.4693468158568, 177.49939975990395] 
[-33.5303950411322, 29.0234815342025, 227.9101589495508] 
[-33.5307397790521, 34.7418687094011, 197.1661835748792] 
[-43.9451439563278, 62.1428142673866, 252.92323232323233] 
[-28.1479136407805, 52.8227807412717, 261.09101251422067] 
[-32.7828938416042, 30.3751167206506, 255.8918692372171] 
[-23.1362363149413, 14.1666439384931, 220.3085356303837] 
[-45.626732110619, -0.414351610181922, 225.78313253012044] 
[-29.3892286217492, -7.73388651583163, 241.76487804878045] 
[-31.4896014664806, -15.392221000915, 249.91787439613523] 
[-45.5452935976743, -18.2481894935584, 246.68051118210863] 
[-42.9830258225405, -9.24960335910918, 233.9187145557656] 
[-34.8502128377097, -22.7539794529669, 236.87394957983193] 
[-29.1610536723108, -33.014980681934, 231.169835234474] 
[27.1355834036755, 18.348051808814, 198.98387096774195] 
[-1.33885847262517, -0.219012547325166, 231.2135231316726] 
[15.5932860560688, -9.71576517310339, 199.62661955241458] 
[-21.5005850335583, 31.3468259514713, 188.34858387799562] 
[33.531345546178, -45.7977452832979, 265.05763688760806] 
[-12.558656561757, -33.9988403252426, 248.31976744186048] 
[-35.8040698380207, 32.6791455809869, 246.14235500878735] 
[-10.5611720226193, 46.0337519014894, 196.918085106383] 
[27.9028509059988, -20.525574482003, 196.11409395973152] 
[43.6887485118268, -94.0495796088219, 137.78115501519756] 
[30.0680014362708, -12.4918151539218, 204.982905982906] 
[-4.06090780840686, -3.09320835150586, 177.66547406082287] 
[56.700887960302, -23.8672112771996, 283.9258474576271] 
[36.4636816761161, 31.075891947053, 231.18601583113457] 
[46.4304341999617, -42.6135303141515, 216.359161349134] 
[45.7116539017408, -39.9016632882336, 252.527950310559] 
[37.5968171770969, -26.5177985250321, 276.47925311203323] 
[5.46843981341214, 2.48725786882174, 202.94467496542183] 
[-43.7970549601592, 28.594331034416, 265.01910828025484] 
[54.3427243744241, 12.9724561250238, 209.7403708987161] 
[47.0717881193132, 21.2026932002216, 219.22189922480618] 
[61.0087028420471, 10.0600742421127, 286.6446280991736] 
[43.5242331435081, 15.9130252227922, 285.3336483931947] 
[31.9212143310944, 15.5398642790629, 211.9230769230769] 
[30.1756655121223, 35.2584291701692, 246.04005340453935] 
[26.4640821633299, 29.5930176563705, 208.0027472527472] 
[31.2509477852826, 34.8203490894064, 228.06494522691708] 
[47.7407600184195, 52.3714672971005, 289.95404814004377] 
[19.3182768085648, 33.8583715061725, 205.64835164835165] 
[-4.59577474792107, 7.08215303808342, 265.8029782359679] 
[19.763413635845, -43.4467942327865, 267.2871287128713] 
[25.7063019720582, 48.1055481275614, 273.7806451612903] 
[-26.0806174691603, 33.7567448473091, 301.0309653916211] 
[47.8950186906899, 30.5725728347417, 281.47507629704984] 
[-22.7162309993022, 11.233400577116, 230.5570652173913] 
[-22.561404399482, 36.8231170575291, 227.8845401174168] 
[-28.9635344983342, 12.9344372374214, 267.0495049504951] 
[-24.5976421039789, 11.7989439043689, 244.2124183006536] 
[-33.2385448839745, 6.94209653765554, 265.7070828331332] 
[-25.23210473227, 5.87455329980396, 265.26489028213166] 
[-35.4433373946836, 9.0369595348539, 279.5050583657587] 
[-23.6684054036106, -4.44102182222217, 261.270725388601] 
[-21.4857672439286, -20.6626689726499, 278.5849372384937] 
[31.196375470841, 0.753059632560693, 240.96807415036045] 
[-14.7405671316674, 1.96990589198055, 227.4576828266228] 
[-22.1099889014842, -25.2726054203275, 282.4486148346738] 
[-25.4139435060675, -1.32374748313337, 239.77668308702792] 
[6.60141570427912, -11.0786116518474, 245.24790419161675] 
[30.4548211112854, -43.219132136704, 274.620145631068] 
[33.9651475157827, -30.7723385431274, 266.381984036488] 
[0.155291578732471, -52.4810479404041, 234.49872773536896] 
[41.6918165649643, -49.8563530965584, 254.55972222222223] 
[-7.66618932595744, -3.14949040257133, 155.61920529801318] 
[42.0550805173768, 5.64940219784939, 294.9720720720721] 
[39.4769550019754, -3.52244155676893, 244.70250521920667] 
[40.4825713492958, -14.3679780179121, 277.95940671350513] 
[79.5696152560166, -76.6931350230199, 249.8756682182273] 
[40.2723298483982, -0.412984999504956, 293.2189655172414] 
[37.0903609636819, 17.1489112031303, 237.5121107266436] 
[51.1677711062695, 35.203298892714, 298.3669131238447] 
[39.9639574019252, 27.9635998530899, 252.5363408521303] 
[25.9180939552721, 0.967484942269034, 202.3984375] 
[42.2082401698212, 28.9955673940662, 238.26530612244895] 
[77.3050690074196, 40.1899047710105, 234.2663551401869] 
[28.9997950956001, 18.8157767997611, 222.60714285714278] 
[-138.601445615547, 0.30966453639852, 340.6111111111111] 
[59.4841882463188, -57.2964174498388, 171.5773195876289] 
[-16.6051322622402, -61.5096130776345, 307.87692307692305] 
[12.312587655454, 12.793700727083, 270.16865776528465] 
[7.52671983680103, 27.2348377203488, 314.9161473087819] 
[-3.15799073464225, 0.33754839326085, 313.3592233009709] 
[-14.5249576358938, 32.3872285347502, 318.24763033175356] 
[-28.8151805931153, -2.63993018143525, 290.690576652602] 
[-18.0825082031127, 19.297249536921, 272.0325203252032] 
[-29.7337352979605, 22.2397319044567, 258.12304075235113] 
[-26.3882877043135, 35.608497728767, 292.5691594970218] 
[-23.9129674351552, 34.0146821853578, 305.46494845360826] 
[-32.1353094818942, 22.2996580940827, 275.542768273717] 
[-35.4801580369245, 14.3597560702306, 286.53349282296654] 
[-33.2756069883057, 13.3264508243491, 286.61423550087875] 
[-16.6472353645588, -8.88989281599079, 237.7982740021575] 
[-23.7094551044818, -18.4799776932239, 297.3768115942029] 
[-82.8969827843026, -32.278943831285, 245.71797752808993] 
[-17.5430883408854, -15.291279250036, 298.2586206896551] 
[-21.1270876546569, -36.5006838018083, 294.506447831184] 
[-20.0548834059015, -13.881123016599, 258.2442196531792] 
[-25.9899271310602, -20.7004387365378, 293.3366666666667] 
[26.8022708167882, -51.3839377037917, 312.74595469255667] 
[29.5270387503673, -24.340978663661, 263.8380716934487] 
[40.0083122700817, -23.9117680397448, 261.07570621468926] 
[47.0228254015551, -39.6553653248935, 275.8793774319066] 
[22.4298287234879, -7.54157073630924, 286.989604989605] 
[32.5884316892952, 3.82523940400071, 321.37874999999997] 
[91.6890451766979, -78.9555692183158, 203.73519163763063] 
[22.5094254094494, 21.7210035198622, 270.9667896678967] 
[43.7270705187284, 20.8751785468433, 278.7372986369269] 
[-278.200706945373, 7.55157106270523, 334.1952861952862] 
[13.9591592350452, 37.1737446340924, 335.2608695652174] 
[2.32713345626202, 23.0116631925053, 309.05668449197856] 
[39.5783951567157, 28.8824201168878, 273.0606557377049] 
[42.4000947713278, 28.3757677485224, 272.1188524590164] 
[35.2033230174445, 25.3459993619104, 319.20464601769913] 
[11.2593148679797, 53.7939017479682, 315.1084183673469] 
[2.68856932083475, -7.93332349003296, 238.38539898132427] 
[-5.25646513702122, -22.6879324781627, 257.15111940298505] 
[3.30120700908971, 7.06872063937062, 335.35775862068965] 
[29.8164386351792, 5.38698763228297, 296.9753787878788] 
[-13.2311455400744, 26.685466019098, 334.5055187637969] 
[-19.812584482003, 12.472508792153, 280.04061895551257] 
[-11.4634742718817, 1.77467418911095, 286.6766575840145] 
[-25.2637336574703, 5.67277386224598, 321.6392649903288] 
[-24.2611341706404, 15.5413631402694, 322.94676409185803] 
[-10.6474840463839, 4.58587858634843, 338.6379310344828] 
[-12.2522358382231, -10.0842537442119, 314.74845105328376] 
[-14.7384893909699, 1.70160525163753, 328.28103044496487] 
[13.2065680843743, -24.281461684733, 333.0529197080292] 
[17.4103118704582, -3.03018948063156, 274.49483204134367] 
[32.8496514582065, -25.9486999543171, 276.3776520509193] 
[62.9025447050756, -14.535059512995, 359.70391061452517] 
[166.653750666738, 36.2712571570655, 395.8181818181818] 
[-5.09154596763544, -14.2786707922964, 233.23598820058996] 
[11.6940344486104, 42.3235848033522, 330.26409017713365] 
[22.636833878588, 24.85490590473, 283.784965034965] 
[20.3695067075713, 20.4957083122135, 335.5171939477304] 
[9.93877125849946, 15.3603329221367, 345.20953575909664] 
[-9.48420127274706, -19.0652071000878, 308.8377693282636] 
[3.39501452385717, -7.80822283698924, 337.4259259259259] 
[16.9777407543227, 51.9286075083731, 335.75714285714287] 
[10.8936399562503, 39.4942195566848, 344.54802259887003] 
[12.1938057428802, 38.1961063990249, 347.4762741652021] 
[21.894317819526, 23.271424073586, 351.9054054054054] 
[30.3623064440148, 11.3050258954814, 349.3275862068965] 
[12.5971139081856, 0.895249462031805, 321.3824419778002] 
[6.59880787075874, -9.34246470747189, 335.8542713567839] 
[-4.40868958933832, 5.64598472550601, 337.84714548802947] 
[-5.82519365458039, 4.61475355167806, 340.3400673400673] 
[5.39968564965761, 14.1348228560394, 342.92372881355936] 
[-0.528279047364965, -0.0028939098643889, 360.04804469273745] 
[11.3077104432826, -2.51494157179687, 311.7446197991392] 
[6.91546492184237, -21.7172187177943, 310.75576923076926] 
[24.4671110594794, 8.91293534102205, 378.83458646616543] 
[15.1828291759764, 23.5097050296594, 372.5223880597015] 
[27.9232838925501, 20.7625740456338, 355.722962962963] 
[-29.5036576738927, 48.0243711257964, 341.71770334928226] 
[-144.764174430885, 54.0444139727123, 357.1868365180467] 
[-0.026188208177732, -0.0100287580541111, 372.1165644171779] 
[19.7447837487924, 9.85426067889012, 382.349593495935] 
[-8.45773301319433, -9.73452687052693, 357.8520859671302] 
[5.77631094349672, 3.99573833715868, 391.2409638554217] 
[-14.8005668920307, 3.38844426645814, 374.78703703703707] 
[-106.241229196638, 293.07583263069, 397.96504369538076] 
[26.5133548596953, 12.2445162485315, 391.74809160305347] 
[16.4236066307622, 0.57655616581663, 356.13575129533683] 
[-17.1442622955009, -10.9473978218626, 364.481228668942] 
[17.2705627375143, -5.49488337538588, 352.859649122807] 
[29.245790938562, 2.88927083983174, 382.15898058252424] 
[16.1500560436078, 16.3064523349236, 350.45553359683794] 
[39.1379153306305, 29.2035950899137, 363.22121896162525] 
[15.4797021779731, 5.41127213769631, 316.93959731543623] 
[5.52136065553009, -7.94882198054649, 314.2401433691756] 
[-1.18710082427476, -0.149987046242622, 350.4381139489194] 
[-1.33845254786897, 0.0511451916274115, 371.85424588086187] 
[-4.73390717053089, -3.83981977625866, 355.5201037613489] 
[16.5940795125141, 23.2518578848361, 388.12858926342074] 
[-4.09112514153753, -0.936546262775191, 377.88805031446543] 
[43.6294214434223, -13.3404518069515, 402.83970856102] 
[12.426411351849, -7.13069156210188, 418.65447545717035] 
